70,344
71,341
71,343
71,345
72,340
72,342
72,344
73,339
73,341
74,340
75,337
75,339
75,341
76,338
76,340
76,342
77,339
77,341
78,338
79,325
79,337
79,339
80,318
80,324
80,336
80,338
80,340
81,319
81,325
81,335
81,337
81,339
81,341
82,320
82,322
82,324
82,334
82,336
82,340
83,321
83,323
83,325
83,335
84,322
84,324
84,332
84,334
84,336
84,338
85,321
85,333
85,335
85,337
86,322
86,334
86,336
87,321
87,331
87,333
87,335
87,353
88,322
88,332
88,334
88,350
88,352
89,95
89,317
89,323
89,333
89,347
89,351
89,353
90,96
90,98
90,318
90,320
90,324
90,334
90,348
90,350
90,352
90,354
91,97
91,99
91,319
91,323
91,325
91,333
91,335
91,343
91,345
91,347
91,349
91,351
92,96
92,318
92,320
92,324
92,330
92,334
92,336
92,344
92,346
92,348
93,97
93,99
93,317
93,319
93,321
93,323
93,331
93,333
93,335
93,337
93,339
93,341
93,343
93,345
93,347
94,94
94,96
94,98
94,322
94,324
94,330
94,332
94,334
94,336
94,338
94,340
94,342
94,344
95,95
95,97
95,321
95,323
95,325
95,333
95,343
96,94
96,96
96,98
96,320
96,324
96,326
96,332
96,334
96,344
97,93
97,95
97,323
97,325
97,327
97,331
97,333
98,92
98,94
98,104
98,326
98,330
98,332
98,334
99,91
99,93
99,95
99,103
99,105
99,325
99,329
99,331
99,335
100,92
100,94
100,96
100,104
100,324
100,328
101,91
101,93
101,95
101,97
101,103
101,325
101,327
101,331
102,92
102,94
102,96
102,98
102,100
102,102
102,104
102,326
102,328
102,330
103,91
103,93
103,97
103,99
103,101
103,103
103,105
103,325
103,327
103,329
104,92
104,98
104,100
104,106
104,326
104,330
105,91
105,93
105,99
105,101
105,107
105,321
105,327
105,329
105,331
106,100
106,320
106,322
106,326
106,328
107,101
107,107
107,111
107,323
107,325
107,327
107,329
108,100
108,102
108,106
108,108
108,110
108,112
108,316
108,324
108,326
108,328
109,101
109,107
109,109
109,111
109,113
109,317
109,325
109,327
109,329
110,100
110,102
110,104
110,106
110,108
110,110
110,314
110,316
110,320
110,322
110,324
110,328
111,99
111,101
111,103
111,105
111,107
111,315
111,317
111,319
111,323
111,341
111,343
112,100
112,102
112,106
112,314
112,316
112,318
112,320
112,322
112,328
112,340
112,342
112,344
113,99
113,101
113,103
113,107
113,315
113,317
113,323
113,327
113,341
113,343
114,102
114,104
114,318
114,324
114,326
114,328
114,340
114,342
115,103
115,317
115,325
115,327
115,329
115,341
116,102
116,104
116,316
116,324
116,328
116,340
116,346
117,85
117,87
117,101
117,313
117,315
117,317
117,319
117,323
117,339
117,341
117,343
117,345
118,84
118,86
118,88
118,96
118,98
118,100
118,102
118,314
118,318
118,324
118,334
118,336
118,338
118,340
118,342
118,344
119,83
119,85
119,87
119,89
119,97
119,99
119,101
119,317
119,319
119,325
119,333
119,335
119,339
119,341
119,343
119,345
120,84
120,86
120,90
120,98
120,100
120,318
120,324
120,332
120,334
120,338
120,340
120,344
121,83
121,85
121,87
121,89
121,91
121,99
121,317
121,319
121,323
121,325
121,333
121,335
121,337
121,339
121,343
121,345
122,86
122,88
122,90
122,92
122,96
122,98
122,318
122,320
122,324
122,326
122,332
122,334
122,336
122,340
122,344
123,85
123,89
123,91
123,97
123,103
123,305
123,319
123,321
123,323
123,325
123,331
123,333
123,335
123,337
123,339
123,341
123,345
124,90
124,92
124,94
124,98
124,102
124,286
124,288
124,306
124,308
124,320
124,322
124,324
124,328
124,330
124,338
124,346
125,93
125,95
125,99
125,101
125,187
125,191
125,287
125,305
125,307
125,311
125,319
125,323
125,327
125,329
125,331
125,337
125,339
126,74
126,76
126,92
126,94
126,96
126,100
126,102
126,186
126,190
126,192
126,288
126,308
126,312
126,318
126,320
126,324
126,326
126,328
126,336
126,338
127,69
127,75
127,79
127,93
127,95
127,97
127,99
127,101
127,185
127,187
127,189
127,191
127,193
127,195
127,197
127,277
127,287
127,289
127,291
127,309
127,311
127,319
127,323
127,325
127,329
127,335
127,337
127,339
128,70
128,74
128,78
128,98
128,100
128,102
128,188
128,192
128,194
128,196
128,278
128,288
128,290
128,294
128,310
128,312
128,314
128,316
128,318
128,320
128,336
128,338
128,340
128,342
128,344
129,69
129,71
129,75
129,77
129,99
129,101
129,175
129,187
129,189
129,191
129,193
129,195
129,259
129,279
129,289
129,291
129,293
129,295
129,311
129,315
129,317
129,319
129,337
129,341
129,343
130,70
130,76
130,78
130,96
130,98
130,100
130,176
130,190
130,192
130,194
130,196
130,258
130,264
130,280
130,290
130,292
130,294
130,310
130,312
130,316
130,320
130,338
130,340
130,342
130,344
131,69
131,71
131,73
131,77
131,95
131,97
131,99
131,101
131,103
131,157
131,175
131,189
131,191
131,195
131,259
131,261
131,263
131,281
131,289
131,291
131,293
131,309
131,311
131,315
131,317
131,343
131,345
132,66
132,68
132,72
132,74
132,76
132,94
132,98
132,102
132,158
132,160
132,162
132,174
132,176
132,188
132,190
132,192
132,196
132,198
132,260
132,262
132,264
132,282
132,288
132,290
132,292
132,310
132,312
132,314
132,316
132,346
133,67
133,69
133,73
133,75
133,99
133,101
133,103
133,157
133,159
133,161
133,163
133,173
133,175
133,179
133,187
133,191
133,193
133,195
133,197
133,259
133,261
133,263
133,281
133,283
133,287
133,291
133,309
133,311
133,313
133,319
133,345
133,347
134,68
134,70
134,72
134,74
134,76
134,98
134,100
134,158
134,160
134,162
134,174
134,176
134,178
134,192
134,194
134,258
134,260
134,262
134,280
134,284
134,286
134,290
134,292
134,300
134,306
134,308
134,310
134,312
134,314
134,318
134,320
134,346
134,348
135,65
135,69
135,71
135,73
135,75
135,101
135,161
135,163
135,169
135,173
135,175
135,177
135,193
135,197
135,255
135,257
135,259
135,261
135,281
135,283
135,285
135,289
135,291
135,297
135,301
135,307
135,309
135,311
135,313
135,315
135,317
135,319
135,321
135,345
136,60
136,64
136,70
136,72
136,74
136,82
136,100
136,158
136,162
136,170
136,174
136,176
136,178
136,190
136,192
136,194
136,196
136,256
136,258
136,260
136,270
136,282
136,286
136,288
136,296
136,298
136,300
136,302
136,306
136,308
136,310
136,312
136,314
136,316
136,346
137,59
137,61
137,65
137,69
137,71
137,73
137,75
137,81
137,91
137,97
137,99
137,159
137,161
137,163
137,165
137,171
137,175
137,177
137,191
137,195
137,197
137,255
137,257
137,259
137,269
137,281
137,287
137,289
137,299
137,301
137,307
137,317
138,60
138,62
138,66
138,68
138,70
138,72
138,76
138,80
138,84
138,92
138,94
138,96
138,98
138,100
138,104
138,156
138,158
138,160
138,162
138,164
138,166
138,172
138,174
138,176
138,178
138,190
138,192
138,258
138,260
138,262
138,266
138,268
138,288
138,292
138,302
138,306
139,53
139,61
139,67
139,69
139,73
139,75
139,77
139,79
139,81
139,83
139,85
139,91
139,93
139,95
139,97
139,99
139,101
139,103
139,105
139,155
139,157
139,159
139,163
139,165
139,173
139,175
139,177
139,191
139,193
139,257
139,261
139,265
139,267
139,285
139,289
139,291
139,303
139,305
140,54
140,62
140,68
140,72
140,74
140,78
140,80
140,82
140,86
140,92
140,94
140,96
140,98
140,100
140,102
140,104
140,106
140,156
140,164
140,166
140,172
140,174
140,178
140,190
140,192
140,254
140,256
140,262
140,266
140,268
140,270
140,276
140,284
140,286
140,290
140,294
140,304
140,306
140,324
141,55
141,61
141,63
141,67
141,69
141,75
141,77
141,79
141,83
141,85
141,89
141,91
141,95
141,97
141,99
141,101
141,167
141,173
141,189
141,191
141,193
141,255
141,257
141,259
141,261
141,263
141,267
141,269
141,273
141,277
141,285
141,287
141,289
141,293
141,303
141,305
141,321
141,323
141,325
142,54
142,56
142,60
142,64
142,66
142,70
142,78
142,82
142,84
142,86
142,90
142,92
142,96
142,98
142,100
142,102
142,166
142,168
142,172
142,174
142,176
142,190
142,192
142,260
142,264
142,266
142,268
142,272
142,278
142,286
142,288
142,292
142,294
142,302
142,304
142,306
142,320
142,322
142,326
143,53
143,55
143,57
143,59
143,63
143,65
143,77
143,79
143,85
143,87
143,89
143,91
143,93
143,95
143,97
143,99
143,101
143,163
143,165
143,167
143,171
143,173
143,175
143,179
143,183
143,185
143,191
143,193
143,265
143,267
143,273
143,277
143,287
143,291
143,301
143,305
143,307
143,309
143,311
143,319
143,321
143,325
143,327
144,54
144,56
144,58
144,60
144,64
144,66
144,76
144,78
144,80
144,86
144,88
144,90
144,92
144,94
144,96
144,98
144,100
144,102
144,106
144,164
144,166
144,168
144,172
144,174
144,180
144,182
144,184
144,190
144,192
144,266
144,274
144,276
144,288
144,290
144,292
144,306
144,308
144,310
144,318
144,320
144,324
145,53
145,55
145,59
145,63
145,67
145,77
145,85
145,87
145,89
145,91
145,93
145,97
145,99
145,101
145,105
145,107
145,163
145,169
145,171
145,173
145,181
145,189
145,191
145,263
145,265
145,267
145,271
145,273
145,275
145,285
145,287
145,289
145,291
145,305
145,307
145,309
145,317
145,323
145,325
146,52
146,58
146,60
146,76
146,84
146,90
146,92
146,94
146,96
146,98
146,104
146,106
146,162
146,164
146,166
146,168
146,170
146,172
146,180
146,182
146,186
146,188
146,190
146,192
146,264
146,266
146,268
146,270
146,272
146,276
146,286
146,290
146,302
146,304
146,306
146,308
146,310
146,312
146,316
146,318
146,320
146,322
146,324
147,59
147,87
147,95
147,97
147,99
147,103
147,105
147,163
147,165
147,167
147,169
147,171
147,181
147,185
147,187
147,191
147,193
147,267
147,269
147,271
147,289
147,291
147,293
147,295
147,303
147,305
147,309
147,311
147,313
147,315
147,319
147,321
147,323
147,325
147,327
148,88
148,96
148,98
148,100
148,102
148,104
148,106
148,168
148,172
148,174
148,180
148,182
148,188
148,266
148,268
148,270
148,272
148,292
148,294
148,298
148,304
148,306
148,310
148,312
148,314
148,318
148,326
148,330
149,89
149,91
149,93
149,95
149,99
149,101
149,107
149,169
149,173
149,179
149,181
149,187
149,189
149,217
149,225
149,267
149,269
149,271
149,291
149,293
149,299
149,305
149,315
149,317
149,327
149,329
149,331
150,88
150,90
150,92
150,94
150,100
150,104
150,170
150,172
150,174
150,178
150,180
150,182
150,184
150,186
150,188
150,218
150,224
150,226
150,270
150,272
150,290
150,292
150,294
150,298
150,304
150,306
150,316
150,318
150,320
150,326
150,328
150,330
151,89
151,91
151,93
151,99
151,101
151,103
151,123
151,125
151,137
151,139
151,169
151,171
151,173
151,181
151,183
151,185
151,187
151,189
151,211
151,213
151,219
151,225
151,269
151,271
151,273
151,277
151,279
151,281
151,293
151,295
151,299
151,303
151,305
151,307
151,311
151,317
151,319
151,321
151,331
152,88
152,92
152,102
152,104
152,124
152,126
152,136
152,138
152,140
152,174
152,180
152,184
152,186
152,188
152,210
152,212
152,216
152,218
152,222
152,224
152,226
152,270
152,272
152,274
152,276
152,278
152,280
152,292
152,294
152,296
152,298
152,300
152,302
152,304
152,306
152,308
152,310
152,312
152,318
152,322
152,330
153,87
153,97
153,101
153,103
153,123
153,125
153,127
153,137
153,175
153,177
153,179
153,185
153,189
153,211
153,213
153,215
153,217
153,219
153,221
153,223
153,225
153,271
153,273
153,275
153,279
153,281
153,287
153,289
153,293
153,295
153,297
153,301
153,303
153,305
153,307
153,309
153,313
153,315
153,317
153,319
153,323
154,86
154,94
154,96
154,98
154,102
154,124
154,126
154,128
154,138
154,174
154,176
154,180
154,184
154,212
154,214
154,216
154,218
154,220
154,222
154,224
154,274
154,280
154,286
154,288
154,292
154,294
154,296
154,304
154,306
154,308
154,310
154,314
154,316
154,318
154,324
155,85
155,89
155,95
155,97
155,99
155,103
155,107
155,125
155,127
155,137
155,139
155,141
155,171
155,175
155,177
155,179
155,183
155,185
155,215
155,217
155,223
155,273
155,275
155,279
155,285
155,287
155,293
155,295
155,307
155,309
155,311
155,313
155,315
155,323
155,325
156,90
156,92
156,94
156,96
156,100
156,102
156,106
156,124
156,126
156,138
156,140
156,166
156,170
156,176
156,178
156,184
156,186
156,216
156,220
156,250
156,254
156,274
156,276
156,278
156,280
156,286
156,288
156,292
156,294
156,308
156,314
156,316
157,89
157,91
157,93
157,95
157,99
157,101
157,103
157,105
157,107
157,109
157,125
157,127
157,137
157,139
157,167
157,169
157,171
157,175
157,177
157,179
157,181
157,183
157,215
157,219
157,221
157,225
157,227
157,251
157,253
157,277
157,279
157,287
157,289
157,293
157,309
157,313
157,315
157,317
157,319
158,88
158,90
158,94
158,96
158,98
158,100
158,104
158,106
158,108
158,128
158,130
158,138
158,140
158,158
158,168
158,170
158,172
158,174
158,178
158,182
158,214
158,218
158,220
158,224
158,226
158,228
158,252
158,276
158,278
158,288
158,290
158,292
158,314
158,316
158,318
159,89
159,95
159,97
159,105
159,107
159,121
159,125
159,127
159,129
159,139
159,157
159,171
159,173
159,179
159,181
159,203
159,205
159,213
159,215
159,217
159,219
159,223
159,227
159,229
159,251
159,259
159,277
159,279
159,291
159,293
159,315
159,317
160,78
160,88
160,94
160,96
160,100
160,104
160,108
160,110
160,122
160,124
160,128
160,130
160,136
160,138
160,158
160,160
160,172
160,174
160,178
160,180
160,182
160,184
160,186
160,204
160,206
160,212
160,214
160,218
160,222
160,252
160,254
160,260
160,274
160,278
160,280
160,290
160,292
160,294
160,298
160,318
161,79
161,81
161,91
161,93
161,95
161,101
161,103
161,107
161,109
161,121
161,123
161,125
161,129
161,131
161,133
161,135
161,137
161,139
161,159
161,171
161,173
161,175
161,179
161,183
161,185
161,203
161,209
161,211
161,213
161,215
161,219
161,221
161,223
161,253
161,261
161,263
161,275
161,279
161,281
161,287
161,289
161,291
161,293
161,295
161,297
161,299
162,78
162,80
162,82
162,86
162,92
162,100
162,102
162,106
162,108
162,124
162,128
162,130
162,134
162,136
162,138
162,152
162,154
162,156
162,158
162,172
162,174
162,176
162,178
162,184
162,200
162,202
162,204
162,210
162,214
162,218
162,220
162,222
162,252
162,262
162,264
162,266
162,274
162,276
162,280
162,288
162,290
162,294
162,296
162,298
163,81
163,83
163,85
163,89
163,91
163,93
163,99
163,101
163,103
163,105
163,107
163,109
163,125
163,129
163,135
163,137
163,139
163,153
163,155
163,157
163,171
163,173
163,175
163,179
163,201
163,211
163,215
163,217
163,221
163,251
163,255
163,263
163,265
163,277
163,279
163,281
163,285
163,287
163,289
163,291
163,297
164,80
164,84
164,86
164,90
164,92
164,94
164,100
164,106
164,108
164,110
164,124
164,126
164,128
164,136
164,138
164,156
164,158
164,170
164,174
164,176
164,178
164,202
164,204
164,208
164,210
164,214
164,216
164,218
164,252
164,254
164,262
164,264
164,276
164,278
164,282
164,284
164,286
164,288
164,290
164,296
164,298
165,79
165,81
165,85
165,87
165,89
165,97
165,99
165,111
165,127
165,129
165,131
165,135
165,137
165,159
165,173
165,175
165,177
165,203
165,209
165,213
165,215
165,217
165,253
165,255
165,261
165,265
165,279
165,281
165,283
165,285
165,289
165,299
165,301
165,303
166,78
166,86
166,88
166,96
166,98
166,110
166,112
166,116
166,128
166,130
166,132
166,136
166,158
166,160
166,174
166,176
166,178
166,180
166,182
166,202
166,204
166,206
166,208
166,210
166,214
166,218
166,256
166,258
166,264
166,266
166,278
166,280
166,282
166,284
166,286
166,290
166,300
166,302
166,304
167,87
167,89
167,97
167,103
167,109
167,111
167,113
167,115
167,117
167,129
167,131
167,133
167,135
167,137
167,139
167,157
167,161
167,163
167,173
167,175
167,179
167,181
167,203
167,205
167,207
167,209
167,213
167,215
167,257
167,259
167,261
167,265
167,267
167,277
167,281
167,283
167,285
167,301
167,303
168,88
168,96
168,102
168,108
168,110
168,112
168,114
168,130
168,134
168,136
168,138
168,158
168,160
168,162
168,176
168,180
168,206
168,208
168,212
168,216
168,258
168,260
168,264
168,266
168,270
168,278
168,280
168,284
168,302
168,304
169,87
169,101
169,103
169,109
169,113
169,115
169,129
169,131
169,133
169,135
169,137
169,159
169,161
169,169
169,171
169,177
169,179
169,181
169,205
169,207
169,211
169,213
169,261
169,263
169,269
169,271
169,279
169,281
169,303
170,102
170,104
170,110
170,112
170,114
170,116
170,120
170,122
170,126
170,128
170,130
170,132
170,138
170,162
170,168
170,170
170,178
170,204
170,206
170,208
170,212
170,214
170,262
170,272
170,278
170,280
170,282
171,101
171,103
171,105
171,107
171,109
171,111
171,115
171,117
171,119
171,121
171,127
171,131
171,143
171,161
171,169
171,171
171,177
171,179
171,183
171,185
171,187
171,205
171,211
171,261
171,263
171,273
171,275
171,279
172,102
172,104
172,106
172,108
172,116
172,118
172,120
172,122
172,124
172,132
172,142
172,160
172,162
172,166
172,168
172,170
172,174
172,176
172,178
172,180
172,184
172,186
172,204
172,206
172,210
172,218
172,254
172,256
172,258
172,264
172,270
172,272
172,274
172,276
172,278
173,105
173,117
173,119
173,121
173,123
173,127
173,129
173,131
173,133
173,139
173,141
173,159
173,161
173,163
173,167
173,169
173,175
173,179
173,183
173,185
173,187
173,205
173,207
173,209
173,211
173,217
173,219
173,255
173,257
173,263
173,271
173,275
173,277
173,289
173,297
174,96
174,104
174,114
174,116
174,118
174,120
174,122
174,124
174,126
174,128
174,130
174,132
174,138
174,140
174,158
174,162
174,164
174,168
174,176
174,178
174,182
174,184
174,202
174,204
174,206
174,208
174,210
174,212
174,214
174,216
174,256
174,258
174,262
174,272
174,276
174,282
174,288
174,296
175,93
175,95
175,97
175,105
175,111
175,113
175,115
175,117
175,119
175,125
175,127
175,129
175,131
175,133
175,135
175,137
175,139
175,161
175,163
175,165
175,167
175,177
175,179
175,183
175,187
175,203
175,207
175,209
175,211
175,213
175,215
175,217
175,219
175,221
175,255
175,257
175,259
175,261
175,273
175,275
175,277
175,281
175,283
175,287
175,289
175,291
175,295
175,297
176,94
176,96
176,98
176,106
176,110
176,112
176,114
176,118
176,124
176,126
176,128
176,130
176,132
176,134
176,136
176,144
176,162
176,164
176,166
176,168
176,170
176,178
176,184
176,186
176,206
176,210
176,214
176,216
176,218
176,220
176,222
176,256
176,258
176,260
176,262
176,274
176,280
176,282
176,284
176,286
176,290
176,294
176,296
177,97
177,99
177,101
177,103
177,105
177,107
177,109
177,111
177,113
177,115
177,117
177,119
177,123
177,125
177,127
177,129
177,131
177,135
177,143
177,165
177,167
177,169
177,173
177,177
177,179
177,181
177,183
177,185
177,187
177,207
177,211
177,215
177,217
177,219
177,259
177,261
177,263
177,273
177,275
177,277
177,279
177,281
177,285
177,287
177,293
177,295
177,297
178,96
178,98
178,100
178,102
178,104
178,106
178,108
178,110
178,112
178,116
178,118
178,120
178,124
178,126
178,132
178,134
178,136
178,140
178,142
178,160
178,162
178,164
178,168
178,170
178,174
178,178
178,180
178,184
178,186
178,204
178,206
178,262
178,264
178,270
178,272
178,274
178,276
178,278
178,282
178,284
178,286
178,288
178,290
178,292
178,294
178,296
179,93
179,95
179,99
179,101
179,103
179,105
179,107
179,109
179,111
179,113
179,119
179,125
179,131
179,133
179,135
179,137
179,139
179,141
179,161
179,163
179,165
179,169
179,171
179,173
179,179
179,185
179,199
179,205
179,261
179,263
179,265
179,267
179,269
179,271
179,273
179,275
179,277
179,279
179,283
179,285
179,287
179,289
179,291
179,295
179,297
179,299
180,92
180,94
180,98
180,100
180,104
180,108
180,112
180,118
180,130
180,138
180,142
180,166
180,168
180,170
180,172
180,180
180,182
180,186
180,196
180,200
180,206
180,208
180,262
180,264
180,266
180,268
180,272
180,274
180,276
180,278
180,280
180,284
180,286
180,294
180,296
180,298
180,300
181,91
181,93
181,95
181,97
181,99
181,101
181,103
181,107
181,113
181,139
181,141
181,167
181,169
181,171
181,173
181,177
181,181
181,183
181,185
181,187
181,193
181,195
181,197
181,201
181,203
181,205
181,207
181,209
181,261
181,265
181,269
181,273
181,275
181,277
181,279
181,281
181,285
181,287
181,295
181,311
182,96
182,98
182,104
182,106
182,136
182,140
182,142
182,150
182,152
182,166
182,168
182,170
182,172
182,174
182,178
182,180
182,182
182,184
182,186
182,194
182,196
182,198
182,200
182,202
182,204
182,206
182,262
182,270
182,272
182,276
182,280
182,282
182,284
182,294
182,296
182,298
182,300
182,304
182,308
182,310
183,97
183,99
183,107
183,137
183,139
183,141
183,143
183,151
183,165
183,173
183,175
183,179
183,183
183,187
183,195
183,197
183,199
183,201
183,203
183,205
183,207
183,255
183,271
183,277
183,279
183,281
183,283
183,297
183,299
183,303
183,307
183,309
183,311
184,84
184,96
184,98
184,108
184,134
184,138
184,140
184,142
184,146
184,150
184,152
184,166
184,174
184,176
184,180
184,182
184,184
184,196
184,198
184,200
184,202
184,206
184,252
184,254
184,270
184,272
184,274
184,276
184,278
184,280
184,298
184,300
184,302
184,304
184,306
184,310
185,85
185,87
185,89
185,95
185,97
185,99
185,133
185,135
185,137
185,139
185,141
185,143
185,145
185,149
185,167
185,169
185,175
185,179
185,183
185,195
185,199
185,201
185,203
185,207
185,253
185,255
185,271
185,273
185,275
185,299
185,301
185,303
185,305
186,86
186,90
186,94
186,96
186,98
186,100
186,130
186,132
186,134
186,136
186,142
186,144
186,146
186,148
186,168
186,176
186,180
186,182
186,194
186,196
186,200
186,254
186,256
186,270
186,272
186,274
186,276
186,282
186,298
186,300
186,302
187,87
187,89
187,91
187,93
187,95
187,97
187,99
187,131
187,133
187,135
187,141
187,143
187,145
187,147
187,163
187,165
187,167
187,169
187,175
187,177
187,181
187,183
187,185
187,191
187,195
187,197
187,199
187,201
187,203
187,213
187,253
187,257
187,271
187,273
187,275
187,277
187,281
187,283
187,299
188,84
188,86
188,88
188,92
188,132
188,134
188,142
188,146
188,148
188,164
188,166
188,168
188,176
188,178
188,180
188,182
188,186
188,190
188,196
188,198
188,200
188,204
188,214
188,230
188,258
188,270
188,272
188,274
188,276
188,278
188,280
188,282
188,300
189,85
189,91
189,133
189,135
189,141
189,143
189,147
189,149
189,151
189,153
189,163
189,165
189,167
189,179
189,183
189,187
189,189
189,199
189,201
189,203
189,205
189,215
189,229
189,259
189,261
189,267
189,269
189,271
189,273
189,275
189,277
189,279
189,283
190,86
190,90
190,92
190,140
190,142
190,144
190,146
190,148
190,150
190,152
190,154
190,156
190,166
190,182
190,184
190,186
190,188
190,196
190,198
190,200
190,202
190,212
190,214
190,216
190,228
190,230
190,260
190,262
190,266
190,268
190,270
190,276
190,278
190,284
191,89
191,91
191,93
191,143
191,145
191,147
191,149
191,153
191,155
191,157
191,161
191,163
191,167
191,183
191,185
191,187
191,193
191,195
191,197
191,199
191,201
191,213
191,215
191,223
191,225
191,227
191,229
191,231
191,259
191,261
191,267
191,269
191,275
191,279
191,285
192,94
192,144
192,146
192,148
192,152
192,154
192,156
192,162
192,164
192,166
192,168
192,182
192,184
192,186
192,194
192,196
192,214
192,224
192,226
192,228
192,230
192,262
192,268
192,270
192,272
192,274
192,276
192,278
192,280
192,284
193,143
193,147
193,153
193,157
193,161
193,163
193,165
193,169
193,183
193,185
193,187
193,189
193,193
193,195
193,197
193,215
193,225
193,227
193,229
193,263
193,265
193,267
193,271
193,273
194,130
194,140
194,144
194,146
194,148
194,156
194,158
194,164
194,166
194,168
194,170
194,176
194,178
194,186
194,188
194,196
194,198
194,214
194,224
194,226
194,228
194,230
194,246
194,248
194,264
194,266
194,268
194,270
194,272
194,274
195,129
195,131
195,133
195,141
195,143
195,145
195,147
195,159
195,163
195,165
195,167
195,169
195,175
195,177
195,179
195,181
195,185
195,187
195,195
195,197
195,199
195,209
195,211
195,213
195,215
195,225
195,227
195,241
195,247
195,257
195,267
195,269
195,271
195,273
196,130
196,132
196,134
196,140
196,142
196,144
196,158
196,160
196,162
196,164
196,166
196,168
196,176
196,178
196,180
196,182
196,184
196,188
196,194
196,198
196,210
196,212
196,226
196,228
196,242
196,248
196,256
196,266
196,270
196,272
196,274
196,324
196,326
196,330
196,334
197,127
197,131
197,133
197,135
197,137
197,139
197,141
197,143
197,153
197,155
197,157
197,159
197,161
197,165
197,167
197,169
197,173
197,177
197,179
197,181
197,183
197,185
197,187
197,189
197,195
197,197
197,199
197,201
197,203
197,211
197,213
197,225
197,227
197,241
197,247
197,249
197,257
197,263
197,265
197,267
197,273
197,275
197,323
197,325
197,327
197,329
197,333
197,335
198,126
198,128
198,130
198,132
198,134
198,136
198,138
198,144
198,152
198,154
198,156
198,160
198,162
198,164
198,170
198,172
198,174
198,176
198,180
198,184
198,186
198,188
198,190
198,194
198,196
198,198
198,202
198,210
198,212
198,220
198,226
198,228
198,240
198,242
198,244
198,246
198,248
198,258
198,260
198,262
198,264
198,274
198,324
198,328
198,330
198,334
199,129
199,131
199,133
199,135
199,137
199,139
199,143
199,157
199,161
199,163
199,169
199,171
199,173
199,175
199,177
199,179
199,181
199,183
199,185
199,187
199,189
199,191
199,193
199,195
199,197
199,201
199,203
199,205
199,211
199,213
199,219
199,225
199,227
199,243
199,247
199,257
199,261
199,263
199,273
199,275
199,325
199,329
199,333
200,118
200,128
200,130
200,132
200,134
200,158
200,160
200,162
200,168
200,170
200,172
200,174
200,176
200,178
200,182
200,184
200,186
200,188
200,192
200,194
200,198
200,200
200,204
200,212
200,214
200,216
200,218
200,224
200,226
200,244
200,246
200,258
200,260
200,262
200,276
200,326
200,330
200,332
201,117
201,119
201,127
201,129
201,131
201,159
201,167
201,169
201,171
201,173
201,183
201,185
201,187
201,193
201,195
201,197
201,199
201,203
201,211
201,217
201,221
201,223
201,225
201,227
201,245
201,247
201,251
201,257
201,259
201,261
201,325
201,329
201,331
201,333
202,118
202,120
202,122
202,128
202,130
202,132
202,146
202,150
202,154
202,156
202,158
202,168
202,170
202,172
202,186
202,188
202,192
202,200
202,202
202,212
202,216
202,220
202,222
202,224
202,226
202,246
202,248
202,252
202,260
202,262
202,264
202,266
202,324
202,326
202,328
203,117
203,119
203,121
203,125
203,127
203,129
203,131
203,147
203,151
203,153
203,155
203,157
203,167
203,169
203,171
203,173
203,185
203,189
203,191
203,193
203,201
203,205
203,207
203,209
203,211
203,217
203,221
203,223
203,225
203,227
203,247
203,249
203,253
203,259
203,261
203,263
203,265
203,317
203,323
203,325
203,327
204,118
204,120
204,122
204,124
204,126
204,128
204,130
204,132
204,146
204,148
204,152
204,154
204,156
204,166
204,170
204,184
204,186
204,190
204,192
204,200
204,202
204,204
204,206
204,208
204,210
204,218
204,220
204,224
204,226
204,248
204,250
204,252
204,260
204,262
204,264
204,318
204,322
204,324
204,326
204,328
204,346
205,117
205,119
205,123
205,129
205,131
205,133
205,147
205,149
205,151
205,155
205,165
205,169
205,171
205,185
205,187
205,201
205,203
205,205
205,207
205,209
205,217
205,219
205,221
205,247
205,249
205,251
205,259
205,261
205,263
205,265
205,317
205,323
205,345
206,118
206,122
206,124
206,128
206,130
206,134
206,148
206,150
206,154
206,156
206,162
206,164
206,168
206,170
206,186
206,200
206,202
206,204
206,206
206,208
206,216
206,218
206,242
206,244
206,248
206,256
206,258
206,260
206,314
206,316
206,322
206,326
206,344
206,346
207,117
207,123
207,127
207,129
207,149
207,151
207,155
207,157
207,163
207,165
207,171
207,185
207,199
207,201
207,203
207,205
207,207
207,217
207,229
207,243
207,245
207,247
207,257
207,259
207,261
207,263
207,265
207,315
207,317
207,319
207,321
207,323
207,325
207,327
207,339
207,341
207,343
207,347
208,126
208,128
208,130
208,162
208,164
208,166
208,170
208,202
208,204
208,206
208,208
208,214
208,216
208,218
208,228
208,246
208,252
208,254
208,258
208,260
208,262
208,264
208,266
208,318
208,320
208,322
208,324
208,336
208,338
208,340
208,342
208,346
209,125
209,127
209,129
209,155
209,157
209,159
209,161
209,163
209,201
209,205
209,215
209,223
209,227
209,245
209,247
209,249
209,253
209,259
209,263
209,265
209,319
209,323
209,325
209,335
209,337
209,339
209,343
209,345
210,124
210,126
210,128
210,156
210,158
210,160
210,200
210,206
210,212
210,214
210,224
210,226
210,244
210,248
210,254
210,258
210,262
210,266
210,308
210,320
210,334
210,336
210,338
210,342
210,344
211,125
211,153
211,155
211,159
211,161
211,205
211,207
211,211
211,213
211,219
211,225
211,247
211,249
211,255
211,257
211,259
211,309
211,311
211,319
211,331
211,335
211,337
211,339
211,341
211,343
211,345
212,124
212,126
212,152
212,154
212,156
212,158
212,160
212,162
212,202
212,204
212,208
212,210
212,212
212,214
212,216
212,218
212,226
212,250
212,252
212,254
212,256
212,258
212,260
212,292
212,300
212,310
212,312
212,320
212,332
212,334
212,336
212,338
212,340
212,342
213,127
213,149
213,151
213,157
213,159
213,163
213,201
213,203
213,207
213,209
213,211
213,213
213,215
213,217
213,219
213,221
213,225
213,249
213,251
213,253
213,287
213,289
213,291
213,293
213,301
213,307
213,311
213,319
213,325
213,331
213,333
213,335
213,343
214,148
214,150
214,152
214,158
214,206
214,210
214,212
214,214
214,216
214,218
214,220
214,222
214,224
214,226
214,248
214,250
214,256
214,258
214,264
214,272
214,288
214,290
214,302
214,308
214,310
214,312
214,318
214,320
214,322
214,324
214,326
214,332
214,334
214,366
214,368
215,147
215,153
215,203
215,215
215,219
215,221
215,223
215,225
215,227
215,249
215,251
215,253
215,255
215,257
215,263
215,271
215,275
215,281
215,289
215,291
215,297
215,303
215,309
215,319
215,321
215,323
215,325
215,333
215,335
215,367
215,369
215,371
216,146
216,152
216,154
216,202
216,204
216,206
216,214
216,220
216,222
216,224
216,226
216,250
216,252
216,254
216,256
216,258
216,262
216,272
216,274
216,282
216,286
216,290
216,292
216,296
216,304
216,308
216,318
216,320
216,322
216,324
216,334
216,336
216,366
216,368
216,370
217,153
217,203
217,205
217,207
217,221
217,223
217,225
217,241
217,247
217,249
217,251
217,257
217,259
217,261
217,263
217,273
217,283
217,287
217,289
217,291
217,297
217,299
217,305
217,307
217,315
217,317
217,319
217,321
217,323
217,333
217,335
217,337
217,339
217,349
217,353
217,367
217,369
217,371
218,152
218,204
218,208
218,220
218,222
218,230
218,238
218,242
218,246
218,248
218,250
218,252
218,260
218,262
218,274
218,284
218,286
218,288
218,298
218,300
218,306
218,308
218,316
218,318
218,320
218,326
218,328
218,330
218,332
218,334
218,336
218,338
218,340
218,342
218,344
218,348
218,350
218,352
218,354
218,360
218,364
218,366
218,368
218,370
219,203
219,207
219,209
219,213
219,223
219,225
219,229
219,231
219,233
219,239
219,241
219,245
219,247
219,251
219,253
219,273
219,285
219,287
219,299
219,307
219,315
219,325
219,327
219,329
219,331
219,339
219,343
219,345
219,349
219,351
219,353
219,355
219,359
219,361
219,363
219,365
219,367
220,206
220,208
220,210
220,212
220,224
220,226
220,230
220,232
220,234
220,240
220,246
220,252
220,272
220,274
220,286
220,298
220,308
220,310
220,316
220,322
220,324
220,326
220,328
220,330
220,332
220,334
220,340
220,344
220,348
220,350
220,352
220,354
220,360
220,362
221,207
221,209
221,211
221,217
221,219
221,223
221,225
221,229
221,231
221,233
221,235
221,241
221,243
221,245
221,247
221,273
221,275
221,285
221,287
221,297
221,299
221,309
221,315
221,317
221,319
221,323
221,327
221,329
221,331
221,333
221,335
221,339
221,343
221,347
221,349
221,353
221,361
221,363
221,365
222,204
222,212
222,214
222,216
222,218
222,220
222,222
222,224
222,228
222,230
222,232
222,234
222,236
222,242
222,244
222,248
222,274
222,276
222,286
222,290
222,292
222,294
222,296
222,298
222,304
222,306
222,308
222,316
222,318
222,320
222,322
222,324
222,326
222,330
222,332
222,334
222,336
222,338
222,340
222,342
222,344
222,346
222,348
222,354
222,356
222,360
222,364
222,366
223,201
223,203
223,205
223,207
223,213
223,215
223,219
223,221
223,223
223,229
223,231
223,235
223,237
223,241
223,243
223,249
223,267
223,275
223,287
223,289
223,293
223,295
223,305
223,307
223,311
223,313
223,315
223,317
223,319
223,321
223,325
223,327
223,335
223,339
223,341
223,345
223,347
223,349
223,351
223,353
223,355
223,357
223,359
223,361
223,363
223,365
224,178
224,198
224,202
224,204
224,206
224,208
224,212
224,214
224,218
224,220
224,222
224,224
224,228
224,232
224,234
224,236
224,240
224,242
224,248
224,268
224,274
224,276
224,286
224,288
224,290
224,292
224,294
224,296
224,300
224,302
224,304
224,306
224,308
224,310
224,312
224,314
224,316
224,320
224,326
224,328
224,336
224,338
224,346
224,350
224,352
224,354
224,356
224,358
224,362
224,364
224,366
225,177
225,199
225,205
225,207
225,209
225,211
225,213
225,217
225,219
225,221
225,223
225,225
225,227
225,231
225,233
225,235
225,237
225,239
225,241
225,247
225,249
225,269
225,273
225,275
225,277
225,285
225,289
225,291
225,293
225,295
225,299
225,303
225,305
225,309
225,311
225,315
225,317
225,321
225,327
225,331
225,333
225,335
225,337
225,339
225,341
225,343
225,351
225,357
225,359
225,363
226,176
226,178
226,200
226,204
226,206
226,208
226,210
226,218
226,222
226,226
226,232
226,234
226,236
226,238
226,240
226,244
226,248
226,250
226,268
226,270
226,274
226,278
226,280
226,282
226,284
226,286
226,290
226,294
226,296
226,298
226,300
226,302
226,310
226,312
226,316
226,320
226,322
226,326
226,328
226,330
226,332
226,334
226,338
226,340
226,342
226,352
226,358
226,360
226,362
227,177
227,179
227,183
227,187
227,195
227,199
227,201
227,205
227,207
227,209
227,211
227,225
227,227
227,233
227,237
227,239
227,243
227,247
227,249
227,251
227,255
227,263
227,267
227,271
227,273
227,279
227,281
227,283
227,285
227,287
227,293
227,295
227,297
227,299
227,301
227,309
227,311
227,313
227,317
227,319
227,321
227,325
227,327
227,329
227,333
227,337
227,341
227,343
227,349
227,359
227,361
228,180
228,182
228,184
228,186
228,188
228,192
228,196
228,198
228,200
228,202
228,206
228,208
228,210
228,212
228,224
228,226
228,228
228,240
228,242
228,244
228,246
228,248
228,250
228,254
228,262
228,264
228,266
228,272
228,274
228,276
228,280
228,284
228,294
228,296
228,298
228,300
228,310
228,312
228,318
228,320
228,330
228,338
228,342
228,344
228,348
228,350
228,360
228,364
229,179
229,181
229,183
229,187
229,191
229,193
229,195
229,197
229,201
229,205
229,207
229,209
229,219
229,223
229,225
229,229
229,231
229,239
229,241
229,243
229,245
229,247
229,249
229,251
229,253
229,255
229,259
229,263
229,265
229,267
229,273
229,275
229,277
229,279
229,285
229,287
229,293
229,295
229,297
229,299
229,301
229,303
229,305
229,311
229,313
229,317
229,319
229,321
229,331
229,333
229,341
229,343
229,347
229,349
229,359
229,361
229,363
230,182
230,184
230,186
230,192
230,194
230,196
230,198
230,200
230,202
230,204
230,208
230,220
230,222
230,224
230,230
230,240
230,242
230,246
230,250
230,252
230,254
230,256
230,258
230,260
230,262
230,264
230,266
230,274
230,276
230,278
230,280
230,286
230,288
230,294
230,296
230,300
230,302
230,304
230,306
230,310
230,312
230,314
230,320
230,330
230,332
230,334
230,342
230,346
230,360
230,362
230,364
231,183
231,185
231,191
231,193
231,195
231,197
231,199
231,201
231,203
231,207
231,209
231,221
231,223
231,229
231,231
231,239
231,241
231,243
231,253
231,255
231,257
231,259
231,261
231,263
231,265
231,279
231,281
231,285
231,287
231,289
231,297
231,303
231,305
231,307
231,311
231,329
231,331
231,333
231,335
231,343
231,345
231,347
231,363
232,184
232,186
232,188
232,194
232,196
232,198
232,200
232,202
232,208
232,210
232,224
232,228
232,230
232,240
232,242
232,252
232,254
232,256
232,260
232,264
232,284
232,296
232,304
232,306
232,308
232,330
232,332
232,334
232,336
232,344
232,346
232,348
232,350
233,185
233,187
233,189
233,191
233,193
233,199
233,201
233,203
233,207
233,221
233,223
233,227
233,229
233,231
233,239
233,241
233,253
233,257
233,277
233,305
233,309
233,311
233,329
233,331
233,335
233,337
233,343
233,347
233,349
233,359
234,166
234,184
234,186
234,188
234,190
234,192
234,200
234,206
234,220
234,222
234,226
234,228
234,230
234,238
234,242
234,254
234,258
234,260
234,262
234,268
234,276
234,278
234,310
234,336
234,342
234,344
234,346
234,348
234,350
234,358
235,153
235,167
235,179
235,183
235,185
235,189
235,191
235,193
235,219
235,221
235,227
235,229
235,231
235,241
235,243
235,249
235,253
235,255
235,257
235,259
235,261
235,269
235,275
235,277
235,335
235,337
235,343
235,347
235,349
235,357
236,152
236,154
236,168
236,170
236,178
236,180
236,184
236,190
236,192
236,194
236,218
236,220
236,222
236,226
236,230
236,240
236,242
236,244
236,246
236,248
236,258
236,262
236,270
236,276
236,280
236,338
236,342
236,344
236,350
236,356
236,358
237,153
237,169
237,179
237,191
237,219
237,221
237,231
237,241
237,243
237,245
237,247
237,249
237,257
237,259
237,269
237,271
237,277
237,279
237,281
237,295
237,341
237,343
237,345
237,349
237,351
237,355
237,357
238,154
238,170
238,180
238,188
238,190
238,192
238,220
238,222
238,230
238,232
238,240
238,242
238,244
238,248
238,256
238,260
238,262
238,268
238,272
238,276
238,278
238,280
238,282
238,286
238,294
238,296
238,342
238,344
238,352
238,354
238,356
238,358
239,155
239,169
239,181
239,189
239,191
239,193
239,219
239,221
239,223
239,229
239,231
239,241
239,243
239,247
239,249
239,251
239,261
239,263
239,265
239,267
239,273
239,275
239,277
239,279
239,281
239,283
239,285
239,293
239,295
239,297
239,301
239,341
239,343
239,345
239,353
239,355
240,156
240,170
240,172
240,178
240,180
240,182
240,184
240,188
240,190
240,218
240,220
240,222
240,224
240,230
240,232
240,242
240,244
240,246
240,248
240,250
240,252
240,260
240,262
240,264
240,266
240,272
240,274
240,276
240,280
240,282
240,284
240,286
240,292
240,294
240,298
240,300
240,302
240,338
240,340
240,342
240,344
240,352
241,157
241,169
241,171
241,175
241,177
241,181
241,183
241,185
241,187
241,189
241,219
241,221
241,223
241,233
241,243
241,245
241,247
241,249
241,251
241,263
241,265
241,273
241,275
241,277
241,285
241,291
241,293
241,295
241,299
241,301
241,339
241,345
241,347
241,351
241,353
241,355
242,156
242,158
242,166
242,168
242,172
242,176
242,178
242,180
242,182
242,184
242,186
242,188
242,218
242,220
242,224
242,234
242,240
242,242
242,244
242,246
242,248
242,250
242,252
242,262
242,264
242,266
242,272
242,278
242,286
242,288
242,290
242,294
242,300
242,302
242,340
242,344
242,346
242,348
242,354
243,157
243,159
243,161
243,163
243,165
243,167
243,171
243,173
243,175
243,177
243,179
243,181
243,183
243,185
243,213
243,219
243,221
243,223
243,225
243,227
243,239
243,241
243,243
243,249
243,251
243,261
243,263
243,265
243,267
243,277
243,279
243,287
243,289
243,303
243,345
243,347
243,355
244,158
244,160
244,162
244,164
244,166
244,168
244,172
244,174
244,176
244,178
244,180
244,182
244,184
244,186
244,212
244,218
244,220
244,224
244,226
244,238
244,240
244,244
244,246
244,248
244,260
244,264
244,266
244,268
244,270
244,280
244,286
244,288
244,290
244,292
244,296
244,346
244,348
244,356
245,155
245,157
245,161
245,163
245,167
245,169
245,171
245,173
245,175
245,179
245,181
245,183
245,185
245,187
245,209
245,211
245,213
245,215
245,217
245,221
245,225
245,227
245,229
245,239
245,241
245,243
245,245
245,247
245,249
245,259
245,265
245,267
245,269
245,271
245,273
245,281
245,287
245,289
245,291
245,295
245,345
245,347
246,152
246,154
246,156
246,158
246,160
246,162
246,164
246,168
246,170
246,172
246,174
246,180
246,182
246,184
246,210
246,212
246,214
246,216
246,218
246,226
246,228
246,238
246,240
246,242
246,244
246,246
246,250
246,264
246,268
246,270
246,272
246,282
246,288
246,290
246,292
246,294
246,296
246,298
246,346
247,153
247,159
247,163
247,165
247,167
247,169
247,173
247,177
247,179
247,181
247,185
247,211
247,215
247,217
247,225
247,227
247,229
247,237
247,241
247,243
247,247
247,263
247,265
247,271
247,273
247,287
247,289
247,291
247,293
247,295
247,297
247,347
248,158
248,162
248,166
248,168
248,174
248,176
248,178
248,184
248,186
248,208
248,210
248,212
248,214
248,216
248,226
248,230
248,232
248,238
248,264
248,266
248,270
248,272
248,274
248,286
248,294
248,298
249,163
249,165
249,167
249,169
249,173
249,177
249,183
249,203
249,207
249,209
249,211
249,215
249,217
249,225
249,231
249,233
249,263
249,265
249,267
249,269
249,275
249,277
249,285
249,295
249,309
250,166
250,170
250,172
250,174
250,176
250,180
250,182
250,184
250,198
250,200
250,202
250,204
250,206
250,208
250,210
250,212
250,214
250,216
250,224
250,226
250,228
250,230
250,232
250,234
250,236
250,264
250,268
250,276
250,278
250,280
250,282
250,284
250,286
250,294
250,296
250,298
250,308
250,316
251,165
251,171
251,173
251,175
251,177
251,181
251,185
251,187
251,199
251,201
251,203
251,205
251,207
251,209
251,215
251,225
251,227
251,229
251,231
251,235
251,237
251,263
251,267
251,269
251,277
251,279
251,281
251,287
251,295
251,297
251,299
251,307
251,309
251,317
252,176
252,178
252,180
252,182
252,184
252,186
252,198
252,200
252,202
252,204
252,206
252,208
252,210
252,214
252,216
252,226
252,228
252,232
252,234
252,236
252,242
252,264
252,266
252,268
252,270
252,276
252,278
252,280
252,282
252,288
252,296
252,298
252,300
252,306
252,310
252,316
252,318
253,175
253,177
253,179
253,181
253,183
253,199
253,203
253,205
253,207
253,211
253,213
253,215
253,225
253,227
253,233
253,235
253,237
253,239
253,241
253,263
253,265
253,271
253,275
253,277
253,279
253,283
253,295
253,297
253,299
253,307
253,309
253,315
253,317
254,174
254,176
254,178
254,180
254,182
254,184
254,202
254,204
254,210
254,212
254,214
254,226
254,228
254,232
254,236
254,238
254,240
254,244
254,262
254,264
254,266
254,272
254,278
254,284
254,296
254,298
254,308
254,314
255,177
255,179
255,183
255,201
255,203
255,209
255,215
255,225
255,227
255,229
255,237
255,239
255,241
255,243
255,263
255,265
255,267
255,273
255,279
255,281
255,297
255,299
255,303
255,305
255,307
255,309
255,313
256,172
256,176
256,178
256,180
256,196
256,200
256,204
256,210
256,216
256,224
256,228
256,238
256,240
256,242
256,266
256,268
256,274
256,276
256,280
256,296
256,300
256,302
256,304
256,306
256,312
256,314
256,318
256,338
257,165
257,173
257,175
257,177
257,179
257,181
257,193
257,195
257,197
257,199
257,201
257,215
257,225
257,227
257,237
257,241
257,243
257,265
257,267
257,269
257,273
257,275
257,301
257,303
257,313
257,315
257,317
257,337
258,164
258,166
258,170
258,174
258,178
258,190
258,192
258,194
258,198
258,200
258,202
258,216
258,224
258,226
258,230
258,240
258,242
258,244
258,246
258,268
258,270
258,274
258,298
258,300
258,302
258,304
258,308
258,310
258,312
258,314
258,316
258,318
258,320
258,336
258,338
259,163
259,167
259,171
259,173
259,177
259,179
259,191
259,193
259,195
259,197
259,199
259,203
259,215
259,217
259,223
259,225
259,227
259,229
259,231
259,239
259,241
259,243
259,245
259,249
259,269
259,273
259,275
259,295
259,299
259,301
259,303
259,305
259,307
259,311
259,313
259,317
259,319
259,327
259,337
259,339
260,168
260,170
260,172
260,174
260,178
260,190
260,192
260,198
260,200
260,204
260,214
260,216
260,224
260,228
260,230
260,232
260,238
260,242
260,248
260,268
260,270
260,276
260,278
260,296
260,298
260,300
260,304
260,306
260,310
260,312
260,318
260,320
260,328
260,338
261,167
261,169
261,171
261,175
261,179
261,187
261,189
261,191
261,193
261,195
261,197
261,199
261,203
261,213
261,215
261,217
261,223
261,227
261,229
261,243
261,245
261,247
261,261
261,267
261,269
261,275
261,277
261,295
261,297
261,299
261,301
261,305
261,307
261,309
261,311
261,313
261,317
261,319
261,329
261,335
261,337
261,345
262,166
262,170
262,188
262,194
262,196
262,202
262,204
262,208
262,210
262,212
262,216
262,218
262,224
262,228
262,230
262,244
262,246
262,262
262,264
262,266
262,268
262,270
262,272
262,276
262,298
262,302
262,308
262,310
262,312
262,314
262,316
262,318
262,326
262,328
262,336
262,338
262,346
263,147
263,155
263,165
263,167
263,169
263,171
263,193
263,195
263,197
263,203
263,205
263,209
263,211
263,213
263,219
263,225
263,229
263,241
263,243
263,245
263,247
263,249
263,263
263,265
263,267
263,269
263,271
263,277
263,279
263,301
263,303
263,307
263,309
263,311
263,315
263,319
263,327
263,329
263,335
263,337
263,341
263,343
263,345
263,347
264,148
264,150
264,152
264,154
264,156
264,158
264,166
264,168
264,170
264,172
264,174
264,192
264,194
264,196
264,198
264,208
264,210
264,214
264,218
264,220
264,222
264,226
264,228
264,242
264,248
264,262
264,264
264,268
264,272
264,276
264,278
264,304
264,306
264,310
264,312
264,314
264,318
264,320
264,322
264,328
264,334
264,336
264,342
264,344
265,145
265,149
265,151
265,155
265,157
265,165
265,167
265,169
265,171
265,173
265,191
265,193
265,195
265,199
265,205
265,207
265,209
265,213
265,219
265,221
265,227
265,241
265,243
265,247
265,249
265,263
265,267
265,271
265,275
265,279
265,281
265,305
265,307
265,313
265,315
265,317
265,319
265,321
265,323
265,327
265,329
265,331
265,333
265,335
265,341
265,343
266,146
266,148
266,152
266,154
266,156
266,162
266,170
266,194
266,206
266,210
266,212
266,214
266,240
266,242
266,244
266,248
266,262
266,268
266,270
266,274
266,280
266,282
266,304
266,306
266,308
266,310
266,316
266,318
266,322
266,324
266,326
266,328
266,330
266,332
266,334
266,336
266,338
266,340
266,342
266,344
266,346
267,145
267,147
267,151
267,153
267,157
267,161
267,167
267,169
267,171
267,193
267,195
267,203
267,205
267,207
267,213
267,215
267,241
267,243
267,249
267,263
267,273
267,275
267,281
267,299
267,305
267,307
267,309
267,315
267,317
267,323
267,325
267,327
267,329
267,331
267,333
267,335
267,337
267,339
267,345
267,347
268,146
268,152
268,156
268,158
268,160
268,166
268,168
268,170
268,172
268,192
268,194
268,202
268,204
268,208
268,214
268,242
268,244
268,272
268,274
268,300
268,302
268,304
268,306
268,308
268,318
268,322
268,326
268,328
268,332
268,334
268,336
268,338
268,340
268,344
268,346
269,159
269,161
269,163
269,167
269,191
269,193
269,205
269,209
269,213
269,215
269,219
269,241
269,243
269,245
269,249
269,275
269,301
269,303
269,317
269,319
269,327
269,329
269,333
269,337
269,339
269,343
269,347
270,152
270,154
270,162
270,164
270,166
270,168
270,192
270,204
270,206
270,208
270,212
270,214
270,216
270,220
270,240
270,242
270,244
270,248
270,274
270,276
270,282
270,302
270,304
270,318
270,320
270,322
270,328
270,330
270,338
270,340
270,348
271,153
271,155
271,159
271,163
271,165
271,167
271,169
271,189
271,191
271,193
271,199
271,203
271,205
271,213
271,215
271,217
271,219
271,241
271,243
271,245
271,247
271,275
271,277
271,279
271,281
271,283
271,305
271,317
271,319
271,321
271,327
271,329
272,156
272,158
272,160
272,162
272,164
272,166
272,186
272,188
272,190
272,200
272,202
272,204
272,206
272,214
272,218
272,220
272,224
272,226
272,236
272,242
272,244
272,246
272,248
272,274
272,276
272,278
272,280
272,282
272,304
272,306
272,308
272,316
272,320
272,322
272,328
273,155
273,157
273,159
273,161
273,163
273,167
273,187
273,189
273,201
273,203
273,215
273,217
273,219
273,221
273,223
273,225
273,237
273,241
273,245
273,249
273,275
273,277
273,279
273,281
273,283
273,305
273,307
273,309
273,317
273,321
273,323
273,325
274,152
274,154
274,156
274,160
274,166
274,168
274,170
274,186
274,188
274,190
274,200
274,212
274,214
274,216
274,218
274,220
274,222
274,224
274,226
274,236
274,238
274,240
274,244
274,246
274,248
274,250
274,276
274,278
274,280
274,282
274,284
274,304
274,308
274,310
274,318
274,324
274,326
275,153
275,157
275,159
275,165
275,169
275,173
275,189
275,191
275,199
275,201
275,213
275,217
275,219
275,221
275,223
275,225
275,227
275,237
275,239
275,241
275,245
275,247
275,249
275,279
275,281
275,283
275,307
275,309
275,311
275,325
275,327
276,158
276,160
276,166
276,170
276,172
276,190
276,198
276,200
276,202
276,214
276,222
276,226
276,236
276,238
276,240
276,242
276,246
276,250
276,252
276,278
276,280
276,282
276,284
276,286
276,288
276,304
276,306
276,310
276,312
276,324
276,326
277,157
277,159
277,161
277,163
277,165
277,169
277,171
277,191
277,197
277,201
277,211
277,213
277,221
277,237
277,239
277,241
277,243
277,245
277,247
277,251
277,253
277,279
277,285
277,287
277,305
277,311
277,325
278,130
278,140
278,144
278,158
278,160
278,164
278,172
278,174
278,196
278,198
278,202
278,208
278,210
278,212
278,214
278,222
278,238
278,240
278,242
278,244
278,248
278,252
278,278
278,280
278,286
278,304
278,306
278,308
278,312
278,326
278,328
279,131
279,139
279,141
279,143
279,145
279,159
279,165
279,169
279,173
279,175
279,197
279,201
279,207
279,209
279,211
279,239
279,241
279,243
279,245
279,253
279,277
279,281
279,303
279,305
279,307
279,309
279,327
280,132
280,142
280,144
280,148
280,158
280,160
280,164
280,166
280,168
280,174
280,196
280,198
280,208
280,212
280,240
280,242
280,244
280,280
280,302
280,306
280,308
280,310
280,326
280,328
280,332
280,334
281,133
281,141
281,143
281,149
281,159
281,165
281,167
281,173
281,199
281,205
281,207
281,209
281,213
281,215
281,217
281,243
281,281
281,283
281,305
281,311
281,327
281,329
281,331
281,333
282,132
282,134
282,136
282,138
282,144
282,146
282,148
282,150
282,154
282,158
282,160
282,162
282,166
282,204
282,206
282,210
282,212
282,214
282,216
282,242
282,244
282,278
282,280
282,282
282,284
282,286
282,290
282,304
282,312
282,326
282,328
282,330
282,332
282,334
283,131
283,133
283,135
283,137
283,139
283,141
283,143
283,145
283,147
283,149
283,151
283,155
283,157
283,159
283,161
283,203
283,205
283,209
283,211
283,213
283,215
283,277
283,279
283,283
283,285
283,289
283,291
283,313
283,315
283,327
283,329
283,331
283,333
284,130
284,132
284,134
284,136
284,138
284,142
284,144
284,148
284,150
284,152
284,154
284,156
284,158
284,160
284,162
284,202
284,204
284,210
284,212
284,214
284,278
284,280
284,284
284,286
284,288
284,290
284,312
284,314
284,316
284,330
284,332
284,334
284,340
285,131
285,135
285,137
285,139
285,141
285,143
285,147
285,151
285,153
285,155
285,157
285,159
285,163
285,203
285,213
285,215
285,271
285,277
285,281
285,283
285,285
285,287
285,291
285,327
285,329
285,331
285,333
285,341
285,343
285,345
286,130
286,132
286,136
286,138
286,140
286,146
286,148
286,150
286,152
286,156
286,158
286,162
286,164
286,168
286,202
286,204
286,214
286,216
286,218
286,272
286,276
286,278
286,282
286,284
286,288
286,326
286,328
286,330
286,332
286,334
286,338
286,340
286,342
286,344
286,346
287,131
287,147
287,149
287,151
287,153
287,155
287,157
287,159
287,165
287,167
287,211
287,213
287,215
287,217
287,219
287,221
287,269
287,271
287,273
287,275
287,279
287,289
287,329
287,331
287,333
287,337
287,339
287,341
288,150
288,154
288,156
288,158
288,166
288,212
288,214
288,216
288,218
288,220
288,222
288,268
288,270
288,272
288,274
288,278
288,280
288,288
288,290
288,292
288,330
288,332
288,334
288,336
288,338
288,340
289,147
289,149
289,151
289,155
289,157
289,159
289,167
289,169
289,213
289,217
289,219
289,221
289,269
289,271
289,273
289,277
289,279
289,281
289,289
289,291
289,329
289,333
289,335
289,337
289,339
289,341
290,148
290,150
290,154
290,158
290,168
290,210
290,212
290,216
290,222
290,224
290,268
290,270
290,272
290,274
290,276
290,280
290,290
290,292
290,328
290,330
290,332
290,336
290,338
290,342
291,139
291,147
291,149
291,151
291,153
291,155
291,159
291,161
291,211
291,213
291,215
291,217
291,221
291,223
291,225
291,269
291,273
291,275
291,277
291,289
291,291
291,293
291,327
291,331
291,335
291,339
291,341
292,118
292,136
292,140
292,146
292,148
292,150
292,154
292,158
292,160
292,162
292,164
292,166
292,210
292,212
292,214
292,218
292,222
292,224
292,226
292,228
292,268
292,274
292,288
292,294
292,298
292,300
292,326
292,328
292,334
292,336
292,340
292,342
293,105
293,119
293,121
293,135
293,137
293,139
293,141
293,143
293,145
293,147
293,149
293,153
293,159
293,161
293,163
293,165
293,201
293,203
293,207
293,209
293,211
293,223
293,225
293,227
293,267
293,273
293,287
293,289
293,293
293,297
293,299
293,301
293,329
293,337
293,341
294,104
294,118
294,120
294,138
294,142
294,144
294,146
294,148
294,154
294,158
294,160
294,162
294,164
294,202
294,206
294,208
294,210
294,212
294,224
294,226
294,228
294,230
294,272
294,274
294,288
294,290
294,294
294,296
294,298
294,300
294,328
294,330
294,336
294,342
295,105
295,119
295,121
295,135
295,139
295,141
295,143
295,153
295,157
295,161
295,163
295,165
295,203
295,205
295,207
295,209
295,211
295,229
295,275
295,287
295,295
295,297
295,299
295,301
295,303
295,329
295,335
295,337
295,343
296,104
296,122
296,128
296,130
296,136
296,138
296,140
296,142
296,144
296,152
296,154
296,162
296,166
296,168
296,202
296,204
296,206
296,212
296,276
296,278
296,286
296,288
296,294
296,296
296,298
296,302
296,304
296,330
296,334
296,336
296,338
296,340
296,344
297,103
297,105
297,109
297,111
297,123
297,129
297,131
297,137
297,141
297,143
297,145
297,151
297,167
297,205
297,211
297,213
297,275
297,277
297,279
297,287
297,293
297,295
297,297
297,299
297,303
297,333
297,335
297,339
297,341
298,102
298,104
298,110
298,122
298,124
298,128
298,130
298,136
298,138
298,140
298,142
298,144
298,166
298,168
298,170
298,204
298,206
298,210
298,212
298,214
298,272
298,274
298,276
298,286
298,288
298,292
298,296
298,304
298,332
298,334
298,336
298,338
298,340
299,97
299,103
299,111
299,113
299,125
299,127
299,131
299,133
299,135
299,137
299,141
299,143
299,145
299,147
299,149
299,167
299,169
299,171
299,205
299,207
299,213
299,215
299,273
299,275
299,297
299,331
299,333
299,335
299,337
299,339
299,341
300,98
300,100
300,102
300,104
300,112
300,124
300,126
300,130
300,132
300,134
300,136
300,138
300,142
300,146
300,148
300,150
300,166
300,168
300,170
300,200
300,202
300,204
300,208
300,214
300,216
300,220
300,274
300,276
300,280
300,298
300,330
300,336
300,340
300,342
301,99
301,101
301,113
301,127
301,129
301,131
301,135
301,137
301,141
301,145
301,147
301,151
301,169
301,171
301,197
301,199
301,203
301,205
301,207
301,215
301,217
301,219
301,273
301,275
301,277
301,279
301,297
301,299
301,301
301,329
301,331
301,339
301,341
301,343
302,98
302,100
302,102
302,108
302,114
302,126
302,128
302,130
302,134
302,146
302,148
302,168
302,172
302,196
302,198
302,200
302,204
302,206
302,208
302,214
302,216
302,218
302,270
302,272
302,274
302,276
302,278
302,282
302,298
302,300
302,302
302,306
302,328
302,338
302,340
303,97
303,101
303,103
303,105
303,107
303,109
303,115
303,127
303,129
303,133
303,135
303,145
303,147
303,149
303,199
303,201
303,203
303,205
303,207
303,209
303,211
303,215
303,217
303,219
303,269
303,271
303,273
303,275
303,277
303,279
303,281
303,299
303,301
303,303
303,305
303,307
303,309
304,96
304,102
304,104
304,106
304,110
304,112
304,114
304,116
304,118
304,126
304,128
304,130
304,134
304,146
304,148
304,150
304,152
304,196
304,198
304,200
304,202
304,204
304,206
304,210
304,212
304,216
304,218
304,220
304,268
304,270
304,274
304,276
304,278
304,280
304,282
304,298
304,300
304,302
304,304
304,306
304,308
305,101
305,105
305,111
305,113
305,117
305,121
305,127
305,129
305,131
305,135
305,149
305,151
305,197
305,199
305,205
305,207
305,209
305,215
305,217
305,219
305,221
305,259
305,269
305,271
305,273
305,279
305,281
305,287
305,299
305,303
305,305
305,309
306,102
306,104
306,106
306,114
306,118
306,120
306,122
306,126
306,130
306,134
306,136
306,138
306,150
306,154
306,204
306,206
306,216
306,218
306,220
306,260
306,266
306,268
306,270
306,272
306,278
306,280
306,282
306,286
306,298
306,302
306,304
306,306
306,310
307,101
307,107
307,115
307,117
307,119
307,123
307,125
307,127
307,133
307,137
307,149
307,151
307,153
307,203
307,205
307,207
307,215
307,217
307,219
307,221
307,257
307,261
307,267
307,273
307,279
307,281
307,283
307,285
307,287
307,301
307,303
307,311
308,102
308,106
308,108
308,110
308,114
308,116
308,120
308,122
308,124
308,134
308,136
308,140
308,148
308,152
308,200
308,202
308,204
308,206
308,214
308,218
308,220
308,258
308,260
308,262
308,266
308,268
308,270
308,274
308,282
308,284
308,286
308,302
308,304
308,312
309,105
309,107
309,109
309,111
309,113
309,115
309,117
309,121
309,123
309,125
309,137
309,139
309,147
309,153
309,199
309,201
309,203
309,205
309,207
309,215
309,221
309,257
309,259
309,263
309,265
309,269
309,271
309,283
309,285
309,287
309,303
309,305
310,106
310,112
310,118
310,120
310,122
310,124
310,136
310,138
310,140
310,146
310,148
310,152
310,154
310,200
310,202
310,204
310,206
310,214
310,216
310,218
310,258
310,264
310,266
310,270
310,272
310,276
310,286
310,288
310,302
310,304
311,105
311,113
311,117
311,119
311,121
311,123
311,135
311,137
311,139
311,141
311,147
311,149
311,199
311,201
311,203
311,205
311,207
311,217
311,265
311,269
311,271
311,273
311,275
311,285
311,287
311,289
311,303
312,104
312,106
312,110
312,116
312,118
312,120
312,122
312,124
312,134
312,136
312,138
312,200
312,204
312,206
312,208
312,210
312,264
312,266
312,268
312,272
312,274
312,276
312,284
312,288
312,290
312,302
313,103
313,105
313,111
313,117
313,119
313,121
313,123
313,125
313,127
313,137
313,139
313,199
313,207
313,209
313,263
313,265
313,267
313,269
313,271
313,289
314,112
314,116
314,120
314,124
314,126
314,128
314,136
314,138
314,140
314,198
314,200
314,206
314,208
314,210
314,212
314,216
314,260
314,262
314,264
314,266
314,268
314,270
314,272
314,274
314,288
314,290
315,105
315,111
315,113
315,115
315,117
315,121
315,125
315,127
315,129
315,131
315,135
315,141
315,143
315,193
315,195
315,197
315,199
315,201
315,203
315,205
315,209
315,211
315,213
315,215
315,219
315,221
315,223
315,225
315,227
315,259
315,261
315,263
315,269
315,273
315,275
315,277
315,287
315,289
315,291
316,104
316,106
316,108
316,110
316,112
316,114
316,116
316,120
316,124
316,126
316,130
316,142
316,194
316,196
316,198
316,200
316,204
316,208
316,210
316,212
316,214
316,216
316,218
316,220
316,222
316,224
316,226
316,260
316,262
316,264
316,272
316,274
316,276
316,290
317,105
317,107
317,109
317,113
317,117
317,121
317,123
317,125
317,127
317,129
317,131
317,141
317,143
317,193
317,199
317,207
317,209
317,211
317,213
317,215
317,217
317,221
317,225
317,227
317,259
317,261
317,263
317,265
317,271
317,273
317,275
317,277
317,279
317,289
317,291
318,100
318,104
318,106
318,108
318,110
318,116
318,128
318,130
318,132
318,140
318,142
318,144
318,192
318,198
318,200
318,206
318,208
318,212
318,214
318,218
318,224
318,226
318,256
318,258
318,260
318,274
318,276
318,280
318,288
318,292
319,101
319,105
319,107
319,111
319,115
319,117
319,127
319,131
319,141
319,145
319,191
319,205
319,211
319,213
319,217
319,219
319,221
319,223
319,257
319,261
319,273
319,275
319,277
319,279
320,102
320,104
320,106
320,108
320,114
320,126
320,130
320,132
320,204
320,210
320,214
320,216
320,220
320,222
320,224
320,256
320,262
320,272
320,274
320,278
321,103
321,109
321,115
321,119
321,125
321,131
321,133
321,203
321,205
321,209
321,213
321,215
321,217
321,219
321,221
321,257
321,259
321,261
321,263
321,273
321,277
322,90
322,94
322,100
322,102
322,108
322,110
322,116
322,118
322,124
322,130
322,134
322,202
322,206
322,212
322,216
322,218
322,222
322,258
322,260
322,262
322,272
322,274
323,85
323,87
323,91
323,95
323,97
323,101
323,107
323,109
323,117
323,133
323,135
323,205
323,207
323,213
323,217
323,219
323,223
323,259
323,261
323,263
323,271
323,273
324,76
324,84
324,86
324,88
324,90
324,96
324,98
324,100
324,106
324,108
324,116
324,134
324,206
324,212
324,214
324,218
324,220
324,224
324,258
324,260
324,264
324,270
325,75
325,83
325,85
325,87
325,89
325,91
325,93
325,97
325,99
325,105
325,107
325,109
325,115
325,135
325,203
325,205
325,207
325,221
325,259
325,261
325,265
326,74
326,76
326,78
326,84
326,88
326,90
326,94
326,96
326,98
326,100
326,104
326,108
326,110
326,114
326,116
326,204
326,206
326,208
326,210
326,258
327,73
327,75
327,77
327,87
327,89
327,91
327,93
327,95
327,97
327,99
327,103
327,105
327,107
327,109
327,113
327,115
327,117
327,205
327,209
328,74
328,78
328,80
328,86
328,88
328,90
328,92
328,94
328,96
328,106
328,108
328,110
328,114
328,116
328,120
328,204
328,206
328,210
329,79
329,81
329,85
329,87
329,91
329,93
329,97
329,103
329,105
329,107
329,109
329,113
329,117
329,119
329,209
329,211
330,82
330,84
330,86
330,90
330,94
330,104
330,108
330,110
330,118
330,208
330,210
331,65
331,69
331,81
331,83
331,93
331,95
331,105
331,109
331,117
331,119
331,207
331,209
331,211
332,66
332,68
332,70
332,80
332,82
332,94
332,96
332,108
332,110
332,112
332,116
332,118
333,65
333,67
333,71
333,73
333,79
333,81
333,83
333,93
333,95
333,97
333,105
333,107
333,109
333,111
333,113
333,117
334,66
334,72
334,74
334,76
334,80
334,82
334,84
334,106
334,108
334,110
334,118
335,65
335,73
335,75
335,77
335,79
335,81
335,85
335,107
335,109
335,111
335,117
336,66
336,74
336,76
336,78
336,82
336,86
336,106
336,108
336,110
336,112
337,65
337,71
337,73
337,75
337,77
337,83
337,87
337,105
337,107
337,109
338,64
338,66
338,70
338,74
338,78
338,82
338,104
338,106
338,108
339,71
339,73
339,75
339,79
339,81
339,83
339,103
339,107
339,109
340,70
340,72
340,74
340,76
340,78
340,82
340,106
340,110
341,69
341,71
341,73
341,83
341,105
341,111
342,72
342,74
342,104
343,69
343,71
343,73
343,105
344,70
345,71
346,70
347,69
348,68
348,70
